-128    0.000
-127    0.000
-126    0.000
-125    0.000
-124    0.000
-123    0.000
-122    0.000
-121    0.000
-120    0.000
-119    0.000
-118    0.000
-117    0.000
-116    0.000
-115    0.000
-114    0.000
-113    0.000
-112    0.000
-111    0.000
-110    0.000
-109    0.000
-108    0.000
-107    0.000
-106    0.000
-105    0.000
-104    0.001
-103    0.001
-102    0.001
-101    0.001
-100    0.001
-99    0.002
-98    0.002
-97    0.002
-96    0.002
-95    0.003
-94    0.004
-93    0.004
-92    0.005
-91    0.006
-90    0.006
-89    0.008
-88    0.008
-87    0.010
-86    0.012
-85    0.015
-84    0.019
-83    0.020
-82    0.022
-81    0.028
-80    0.031
-79    0.035
-78    0.041
-77    0.050
-76    0.054
-75    0.062
-74    0.071
-73    0.079
-72    0.095
-71    0.102
-70    0.119
-69    0.133
-68    0.150
-67    0.162
-66    0.193
-65    0.205
-64    0.234
-63    0.270
-62    0.301
-61    0.322
-60    0.362
-59    0.415
-58    0.459
-57    0.506
-56    0.552
-55    0.619
-54    0.670
-53    0.748
-52    0.816
-51    0.890
-50    0.988
-49    1.056
-48    1.156
-47    1.268
-46    1.370
-45    1.478
-44    1.603
-43    1.734
-42    1.869
-41    2.014
-40    2.158
-39    2.328
-38    2.488
-37    2.640
-36    2.820
-35    3.002
-34    3.193
-33    3.367
-32    3.588
-31    3.777
-30    3.982
-29    4.208
-28    4.414
-27    4.633
-26    4.852
-25    5.081
-24    5.267
-23    5.526
-22    5.725
-21    5.950
-20    6.185
-19    6.382
-18    6.568
-17    6.827
-16    6.981
-15    7.153
-14    7.364
-13    7.526
-12    7.705
-11    7.842
-10    7.998
-9    8.080
-8    8.227
-7    8.294
-6    8.427
-5    8.513
-4    8.583
-3    8.619
-2    8.649
-1    8.604
0    8.653
1    8.595
2    8.576
3    8.534
4    8.488
5    8.431
6    8.314
7    8.245
8    8.071
9    7.921
10    7.814
11    7.681
12    7.495
13    7.323
14    7.152
15    6.957
16    6.738
17    6.569
18    6.325
19    6.114
20    5.928
21    5.667
22    5.464
23    5.232
24    5.054
25    4.797
26    4.583
27    4.368
28    4.150
29    3.927
30    3.754
31    3.518
32    3.345
33    3.152
34    2.954
35    2.762
36    2.605
37    2.420
38    2.270
39    2.125
40    1.979
41    1.830
42    1.702
43    1.588
44    1.450
45    1.334
46    1.235
47    1.129
48    1.038
49    0.953
50    0.869
51    0.803
52    0.726
53    0.659
54    0.601
55    0.533
56    0.481
57    0.452
58    0.394
59    0.359
60    0.331
61    0.299
62    0.256
63    0.233
64    0.201
65    0.186
66    0.161
67    0.144
68    0.125
69    0.110
70    0.101
71    0.087
72    0.077
73    0.067
74    0.057
75    0.055
76    0.047
77    0.039
78    0.034
79    0.030
80    0.025
81    0.022
82    0.021
83    0.017
84    0.016
85    0.013
86    0.011
87    0.009
88    0.008
89    0.007
90    0.005
91    0.004
92    0.004
93    0.004
94    0.003
95    0.003
96    0.002
97    0.002
98    0.001
99    0.002
100    0.001
101    0.001
102    0.001
103    0.001
104    0.000
105    0.000
106    0.000
107    0.001
108    0.000
109    0.000
110    0.000
111    0.000
112    0.000
113    0.000
114    0.000
115    0.000
116    0.000
117    0.000
118    0.000
119    0.000
120    0.000
121    0.000
122    0.000
123    0.000
124    0.000
125    0.000
126    0.000
127    0.000
