-128    9.849
-127    9.599
-126    9.395
-125    9.222
-124    9.073
-123    8.997
-122    8.969
-121    9.016
-120    9.099
-119    9.236
-118    9.491
-117    9.775
-116    10.101
-115    10.514
-114    10.940
-113    11.437
-112    11.952
-111    12.458
-110    13.012
-109    13.606
-108    14.149
-107    14.710
-106    15.303
-105    15.909
-104    16.442
-103    16.930
-102    17.550
-101    18.092
-100    18.614
-99    19.112
-98    19.600
-97    19.990
-96    20.548
-95    20.917
-94    21.313
-93    21.644
-92    22.066
-91    22.427
-90    22.726
-89    22.972
-88    23.204
-87    23.565
-86    23.672
-85    23.921
-84    24.073
-83    24.157
-82    24.270
-81    24.353
-80    24.422
-79    24.533
-78    24.496
-77    24.516
-76    24.612
-75    24.541
-74    24.562
-73    24.448
-72    24.427
-71    24.383
-70    24.191
-69    24.184
-68    24.044
-67    23.968
-66    23.787
-65    23.697
-64    23.622
-63    23.425
-62    23.316
-61    23.274
-60    23.089
-59    22.925
-58    22.866
-57    22.796
-56    22.643
-55    22.518
-54    22.376
-53    22.331
-52    22.234
-51    22.186
-50    22.067
-49    22.054
-48    21.979
-47    21.887
-46    21.881
-45    21.849
-44    21.813
-43    21.790
-42    21.768
-41    21.744
-40    21.847
-39    21.828
-38    21.850
-37    21.841
-36    21.986
-35    21.970
-34    22.019
-33    22.178
-32    22.157
-31    22.267
-30    22.317
-29    22.435
-28    22.452
-27    22.671
-26    22.726
-25    22.787
-24    22.905
-23    23.007
-22    23.157
-21    23.266
-20    23.340
-19    23.478
-18    23.579
-17    23.675
-16    23.772
-15    23.822
-14    23.892
-13    24.026
-12    24.078
-11    24.125
-10    24.200
-9    24.301
-8    24.287
-7    24.321
-6    24.403
-5    24.473
-4    24.499
-3    24.474
-2    24.478
-1    24.440
0    24.596
1    24.341
2    24.350
3    24.306
4    24.263
5    24.289
6    24.210
7    24.050
8    23.991
9    23.883
10    23.799
11    23.762
12    23.618
13    23.491
14    23.334
15    23.250
16    23.097
17    22.886
18    22.843
19    22.765
20    22.608
21    22.471
22    22.387
23    22.178
24    22.021
25    21.950
26    21.806
27    21.721
28    21.623
29    21.432
30    21.351
31    21.273
32    21.152
33    21.061
34    20.941
35    20.944
36    20.838
37    20.770
38    20.666
39    20.706
40    20.652
41    20.644
42    20.592
43    20.542
44    20.641
45    20.633
46    20.667
47    20.668
48    20.746
49    20.804
50    20.857
51    20.946
52    21.015
53    21.052
54    21.162
55    21.252
56    21.445
57    21.561
58    21.660
59    21.750
60    21.922
61    22.062
62    22.175
63    22.357
64    22.513
65    22.646
66    22.837
67    22.940
68    23.121
69    23.262
70    23.374
71    23.511
72    23.716
73    23.745
74    23.894
75    23.974
76    24.058
77    24.217
78    24.235
79    24.306
80    24.335
81    24.343
82    24.358
83    24.357
84    24.372
85    24.249
86    24.209
87    24.146
88    24.082
89    23.926
90    23.817
91    23.604
92    23.472
93    23.168
94    22.925
95    22.729
96    22.417
97    22.038
98    21.792
99    21.444
100    21.099
101    20.729
102    20.294
103    19.942
104    19.498
105    19.044
106    18.654
107    18.190
108    17.745
109    17.241
110    16.795
111    16.380
112    15.904
113    15.421
114    15.006
115    14.532
116    14.087
117    13.671
118    13.252
119    12.842
120    12.451
121    12.094
122    11.690
123    11.363
124    10.997
125    10.683
126    10.415
127    10.106
