-128    2.354
-127    2.296
-126    2.254
-125    2.230
-124    2.207
-123    2.193
-122    2.192
-121    2.213
-120    2.233
-119    2.285
-118    2.342
-117    2.414
-116    2.510
-115    2.605
-114    2.720
-113    2.836
-112    2.972
-111    3.088
-110    3.227
-109    3.368
-108    3.507
-107    3.652
-106    3.805
-105    3.940
-104    4.073
-103    4.215
-102    4.342
-101    4.469
-100    4.603
-99    4.725
-98    4.854
-97    4.957
-96    5.066
-95    5.178
-94    5.276
-93    5.369
-92    5.482
-91    5.539
-90    5.625
-89    5.670
-88    5.752
-87    5.803
-86    5.872
-85    5.894
-84    5.955
-83    5.985
-82    6.039
-81    6.036
-80    6.063
-79    6.089
-78    6.105
-77    6.119
-76    6.135
-75    6.105
-74    6.094
-73    6.080
-72    6.078
-71    6.071
-70    6.028
-69    6.017
-68    5.992
-67    5.964
-66    5.933
-65    5.931
-64    5.882
-63    5.846
-62    5.808
-61    5.782
-60    5.769
-59    5.750
-58    5.700
-57    5.676
-56    5.637
-55    5.620
-54    5.599
-53    5.587
-52    5.531
-51    5.528
-50    5.510
-49    5.491
-48    5.462
-47    5.439
-46    5.444
-45    5.460
-44    5.427
-43    5.425
-42    5.433
-41    5.437
-40    5.423
-39    5.444
-38    5.467
-37    5.483
-36    5.501
-35    5.537
-34    5.572
-33    5.621
-32    5.647
-31    5.681
-30    5.744
-29    5.773
-28    5.791
-27    5.806
-26    5.842
-25    5.854
-24    5.886
-23    5.938
-22    5.953
-21    5.976
-20    6.034
-19    6.018
-18    6.089
-17    6.093
-16    6.098
-15    6.103
-14    6.093
-13    6.011
-12    6.028
-11    6.010
-10    6.015
-9    5.997
-8    6.014
-7    6.000
-6    5.970
-5    5.974
-4    5.978
-3    5.953
-2    5.952
-1    5.960
0    6.098
1    5.920
2    5.946
3    5.903
4    5.881
5    5.870
6    5.845
7    5.823
8    5.778
9    5.771
10    5.737
11    5.725
12    5.676
13    5.645
14    5.608
15    5.585
16    5.559
17    5.561
18    5.490
19    5.446
20    5.436
21    5.384
22    5.342
23    5.305
24    5.279
25    5.243
26    5.202
27    5.176
28    5.141
29    5.133
30    5.091
31    5.081
32    5.040
33    5.032
34    5.002
35    4.982
36    4.976
37    4.945
38    4.936
39    4.926
40    4.925
41    4.892
42    4.896
43    4.906
44    4.896
45    4.890
46    4.883
47    4.905
48    4.924
49    4.947
50    4.952
51    4.954
52    4.970
53    5.010
54    5.026
55    5.034
56    5.066
57    5.090
58    5.113
59    5.142
60    5.180
61    5.217
62    5.251
63    5.266
64    5.308
65    5.334
66    5.362
67    5.420
68    5.435
69    5.480
70    5.509
71    5.532
72    5.543
73    5.603
74    5.601
75    5.648
76    5.682
77    5.692
78    5.688
79    5.674
80    5.724
81    5.704
82    5.712
83    5.714
84    5.706
85    5.683
86    5.674
87    5.645
88    5.606
89    5.583
90    5.547
91    5.517
92    5.457
93    5.423
94    5.347
95    5.308
96    5.225
97    5.139
98    5.068
99    4.994
100    4.907
101    4.807
102    4.723
103    4.645
104    4.517
105    4.425
106    4.317
107    4.210
108    4.099
109    4.011
110    3.898
111    3.791
112    3.675
113    3.585
114    3.469
115    3.379
116    3.260
117    3.183
118    3.087
119    2.989
120    2.900
121    2.821
122    2.751
123    2.669
124    2.585
125    2.528
126    2.454
127    2.402
